20
21 
22 
23 
25 
43 
49 
53 
67
68 
69 
79 
80 
82 
83 
88 
110 
111 
113 
119 
123 
135 
137 
138
139 
143 
161
162 
177 
179 
201 
264 
389 
443 
444 
445 
464 
497 
500 
513 
512 
514 
515 
520 
554 
546
547 
587 
593 
631 
636 
646 
873 
989
990
993 
995 
1337
1194
1433
1434
1701
1723
1725
1741
1812
1813
1985
2000
2002
2049
2082
2083
2100
2087
2145
2222
2049
3128
3268
3269
3260
3306
3389
3478
3479
3689
3480
3481
4333
4500
4567
5000
5001
5060
5432
5800
5900
5985
6000
6001
6514
6665
6666
6667
6668
6669
6881
8000
8008
8080
8081
8089
8443
9080
10000
11371